ExhaustiveStore Stats:
Number of elements: 12
Dimensions: 3
Search results:
Query vector: [1.00, 2.00, 3.00]
Index      Distance   Vector
0          0.0000     [1.00, 2.00, 3.00]
2          0.0000     [1.00, 2.00, 3.00]
5          0.1000     [1.00, 2.00, 3.10]
1          0.5000     [1.00, 2.00, 3.50]
8          0.8660     [1.50, 2.50, 3.50]
3          2.5981     [2.50, 3.50, 4.50]
11         3.3675     [0.10, 0.20, 0.30]
6          3.4641     [3.00, 4.00, 5.00]
9          6.0622     [4.50, 5.50, 6.50]
4          7.7942     [5.50, 6.50, 7.50]
